CT
7
536    5663    835.735
545    5751    655.775
593    5689    666.485
595    5663    694.243
599    5605    642.728
608    5669    472.973
609    5739    798.423
FV
8
474    6014    722.955
492    5799    785.609
511    5741    475.876
537    5929    677.126
538    5708    698.783
594    5476    872.796
602    5583    731.486
610    5557    774.855
FT
7
526    5773    700.862
547    5799    695.609
573    5452    512.907
558    5703    497.837
578    5854    456.527
591    5426    648.334
592    5791    682.574