FT
11
9014    5669    1130.284
9359    5741     947.997
9346    5590     893.560
9251    5582     796.286
9259    6102    1119.251
9721    5425     759.754
9935    6119     850.815
10153   5828    1007.474
10188   5675    1050.549
10390   5716     898.605
10507   5841     841.697
FV
10
9016    5556     850.445
9248    5483     965.068
9730    5858    1048.311
9783    5800     778.943
9851    5688    1109.243
10181   5782     822.082
10156   5560    1253.448
10180   5604     892.946
10391   5406    1328.454
10505   5519     840.290
CT
10
9263    5510    1144.680
9264    5390    1168.791
9702    5568    1170.592
9703    5447     951.481
10291   5365     890.571
10292   5429     990.337
10293   5488     825.418
10480   5552    1185.617
10482   5618     765.225
10479   5682     707.086
